Month	KOSPI	Price_Seoul	Homeloan	Call_rate	M2	Sentiment
07-Dec	1903.99	78.64	107469.2	4.99	1269.5	59.52
08-Jan	1732.29	79.19	107433.5	4.99	1286.4	74.43
08-Feb	1689.53	79.72	106294.4	4.97	1309.2	80.63
08-Mar	1651.15	80.87	106393.8	4.97	1324	96.05
08-Apr	1776.58	82.2	107235.2	4.99	1339.4	95.65
08-May	1846.75	82.9	107892.2	4.97	1356.6	87.67
08-Jun	1758.17	83.48	108322.4	4.95	1369.7	76.51
08-Jul	1569.6	83.8	109336.9	4.98	1378.9	61.83
08-Aug	1537.55	83.97	109710.9	5.22	1386.1	54.02
08-Sep	1446.56	84.14	110055.4	5.22	1395.7	44.33
08-Oct	1201.7	84.04	110207.2	4.88	1404	26.41
08-Nov	1073.95	83.61	110702.3	4	1426.2	23.51
08-Dec	1114.9	82.6	111182.1	3.27	1436.3	18.09
09-Jan	1156.37	82.04	112031.2	2.43	1440.3	23.62
09-Feb	1139.75	81.94	112388.7	2.06	1457.9	31.91
09-Mar	1140.45	81.78	113018.5	1.77	1470.4	28
09-Apr	1322.1	81.99	113246.2	1.8	1482	45.59
09-May	1400.5	82.07	114235.4	1.91	1491.5	43.67
09-Jun	1395.24	82.38	115443.3	1.93	1501.9	50.8
09-Jul	1460.03	82.92	116903.6	1.93	1512.8	63.03
09-Aug	1577.91	83.36	117591.7	1.98	1524.9	68.29
09-Sep	1659.45	84.3	116951.9	1.99	1535.3	67.76
09-Oct	1630.61	84.7	117460.4	1.99	1551.3	48.46
09-Nov	1583.47	84.77	117896	2	1564.2	36.33
09-Dec	1646.64	84.79	118429.8	2	1570	30.24
10-Jan	1682.16	84.88	118215.3	2	1574.2	38.9
10-Feb	1598.96	85.08	118481.4	2	1595.4	38.51
10-Mar	1665.5	85.15	119222.8	2.01	1607.9	28.88
10-Apr	1730.29	85.1	119864.2	2	1621.2	20.49
10-May	1648.3	84.92	120493.6	2.01	1630.9	18.46
10-Jun	1691.94	84.63	121130.5	2	1648	15.87
10-Jul	1731.12	84.34	122113.4	2.21	1653.1	16.3
10-Aug	1762.18	84.04	121812.7	2.27	1653.9	16.57
10-Sep	1815.75	83.89	122165.4	2.27	1659.4	18.19
10-Oct	1889.7	83.79	122853.2	2.26	1669.4	16.31
10-Nov	1924.71	83.75	123508.1	2.37	1679.9	24.25
10-Dec	2002.5	83.79	124107.3	2.5	1682.9	27.9
11-Jan	2091.61	83.91	124710.3	2.66	1676.4	32.31
11-Feb	2002.87	84.13	125280.3	2.75	1674.4	36.43
11-Mar	2002.67	84.32	126216	2.92	1677.5	30.63
11-Apr	2153.13	84.37	126822.7	3.01	1684.8	23.74
11-May	2121.87	84.38	126687.8	3.02	1690.5	21.33
11-Jun	2074.64	84.35	127018	3.21	1697.2	17.96
11-Jul	2150.06	84.27	127536.8	3.26	1705.5	15.87
11-Aug	1869.41	84.25	127651.6	3.25	1719.4	18.23
11-Sep	1790.95	84.23	128044.9	3.25	1729.5	18.53
11-Oct	1825.88	84.19	128497.6	3.24	1742.6	14.98
11-Nov	1858.8	84.12	129001.2	3.26	1753.3	14.13
11-Dec	1863.23	84.03	129389.5	3.26	1756.6	15.4
12-Jan	1891.01	83.95	128780.1	3.26	1757.1	14.95
12-Feb	2003.23	83.88	128685.7	3.25	1763	15.46
12-Mar	2023.41	83.78	128734.1	3.25	1773.2	12.83
12-Apr	1995.92	83.55	128727.8	3.25	1777.1	11.74
12-May	1886.35	83.42	128511.4	3.26	1784.2	12.02
12-Jun	1848.6	83.26	128578.4	3.26	1797	9.58
12-Jul	1826.75	82.91	128199.5	3.08	1807.3	9.78
12-Aug	1918.91	82.68	127699.1	3	1817.1	10.93
12-Sep	1961.29	82.32	127010.2	2.99	1819.3	8.94
12-Oct	1942.19	82.02	126580.8	2.8	1822.4	10.64
12-Nov	1904.7	81.81	126096.5	2.75	1830.3	10.64
12-Dec	1973.84	81.61	126569.8	2.75	1835.6	8.12
13-Jan	1986.1	81.42	125883.7	2.76	1841.1	10.76
13-Feb	1979.85	81.28	125338.6	2.75	1857.1	10.47
13-Mar	1990.24	81.12	125078.4	2.74	1862.4	14.99
13-Apr	1938.88	81.06	124678.2	2.75	1867.7	18.62
13-May	1974.45	81	125056.8	2.55	1870.3	23.11
13-Jun	1884.41	80.88	125500.5	2.49	1884.2	17.92
13-Jul	1871.77	80.69	125437.8	2.48	1890.7	13.16
13-Aug	1896.96	80.53	125667.6	2.5	1888.7	12.19
13-Sep	1984.39	80.52	125556.5	2.5	1903.2	25.05
13-Oct	2029.68	80.58	126081	2.5	1908.6	28.03
13-Nov	2009.92	80.57	126408.4	2.5	1923.3	23.78
13-Dec	1988.33	80.57	127035.2	2.5	1932	21.27
14-Jan	1948.22	80.59	126949.9	2.5	1937	29.7
14-Feb	1937.73	80.66	127728.2	2.49	1954.3	40.39
14-Mar	1952.43	80.79	128438.2	2.48	1965	43.88
14-Apr	1991.19	80.84	128399.9	2.49	1970.4	32.43
14-May	1994.13	80.83	128903.2	2.49	1982.4	31.49
14-Jun	1995.08	80.77	129784.1	2.48	1999.4	29.3
14-Jul	2021.95	80.77	130921.4	2.49	2013.9	28.02
14-Aug	2060.93	80.8	131869.6	2.34	2031.8	43.29
14-Sep	2042.71	80.97	133147.8	2.23	2037.6	60.46
14-Oct	1942.8	81.14	134970.1	2.06	2051.1	53.57
14-Nov	1959.65	81.21	136373.7	1.98	2083.3	41.52
14-Dec	1941.93	81.22	137629	1.99	2088.7	35.74
15-Jan	1920.99	81.26	138052.9	1.99	2092.2	41.04
15-Feb	1961	81.39	139228.2	2.12	2109.9	60.02
15-Mar	2012.62	81.67	141060.9	1.82	2127.9	84.92
15-Apr	2107.27	82.03	143806.2	1.73	2148.1	78.76
15-May	2114.9	82.29	143928.8	1.74	2166.7	81.97
15-Jun	2063.69	82.64	140432.2	1.57	2179.6	85.92
15-Jul	2058.03	83	141387.3	1.48	2200.5	94.08
15-Aug	1952.55	83.35	143353.1	1.49	2218.7	86.21
15-Sep	1939.58	83.78	145157.6	1.48	2230	86.21
15-Oct	2020.57	84.14	147568.3	1.48	2232.4	94.08
15-Nov	2006.78	84.56	149085.7	1.49	2242.8	73.14
15-Dec	1971.53	84.74	151157.6	1.48	2246.1	62.72
16-Jan	1894.65	84.82	151897.6	1.49	2261.4	52.3
16-Feb	1900.61	84.92	152080.1	1.49	2285.3	48.63
16-Mar	1976.5	85	153160.2	1.49	2294.5	52.44
16-Apr	1996.17	85.08	154391.2	1.49	2299.1	58.59
16-May	1966.68	85.25	156076	1.49	2312.8	73.56
16-Jun	1977.03	85.5	158001.3	1.28	2334.3	95.47
16-Jul	2002.48	85.82	159624.8	1.23	2352.2	108.47
16-Aug	2036.66	86.14	161830.8	1.23	2377.3	114.3
16-Sep	2042.56	86.41	163200	1.24	2383	124.77
16-Oct	2036.03	86.83	164916.1	1.23	2391.1	124.83
16-Nov	1981.75	87.22	167171.7	1.23	2406.4	80.67
16-Dec	2021.67	87.29	167875.7	1.23	2414	63.96
17-Jan	2061.73	87.31	167698.8	1.24	2417.8	53.26
17-Feb	2082.8	87.34	167852	1.23	2420.3	58.72
17-Mar	2136.17	87.41	168377.3	1.23	2437	65.82
17-Apr	2160.18	87.5	169036.1	1.23	2450.2	73.07
17-May	2301.89	87.64	169838.4	1.23	2454.4	94.1
17-Jun	2372.2	88.13	171044.5	1.24	2470.9	124.72
17-Jul	2412.9	88.68	172570.4	1.24	2472.1	123.08
17-Aug	2372.18	89.3	174607.2	1.23	2485.6	81.96
17-Sep	2371.84	89.43	174828.7	1.25	2492.4	69.48
17-Oct	2482.87	89.71	175427.9	1.24	2504.6	85.3
17-Nov	2533.51	90.1	176351.5	1.26	2521.8	84.91
17-Dec	2467.73	90.51	176991	1.51	2527.6	88.41
18-Jan	2520.94	91.15	177280.4	1.49	2551.2	118.02
18-Feb	2439.1	91.78	177150.8	1.49	2570.8	122.84
18-Mar	2451.57	92.63	177624.2	1.49	2578.4	103.91
18-Apr	2458.22	93.27	178078	1.47	2590.8	79.04
18-May	2461.3	93.62	178762.9	1.5	2600.3	80
18-Jun	2394.51	93.98	178960.1	1.49	2622.3	77.84
18-Jul	2284.25	94.54	179277.6	1.49	2637.4	84.14
18-Aug	2283.8	95.29	179981.4	1.5	2651.5	128.02
18-Sep	2307.33	98.01	181251.5	1.54	2652.8	164.49
18-Oct	2153.48	99.41	181938.7	1.52	2674.5	85.97
18-Nov	2083.33	99.81	183394.7	1.51	2693	64.52
18-Dec	2070.13	99.96	183858	1.77	2700	51.54
19-Jan	2101.98	100	183577.9	1.75	2717	49.96
19-Feb	2210.2	99.95	183974.3	1.76	2730	42.9
19-Mar	2161.91	99.87	184496.7	1.76	2753	37.9
19-Apr	2212.12	99.87	185582.2	1.75	2763	38.21
19-May	2086.9	99.92	186359.3	1.75	2772	42.38
19-Jun	2105.3	100.04	186961.8	1.76	2799	50.97
19-Jul	2079.48	100.3	187995.3	1.63	2812	75.57
19-Aug	1944.24	100.68	189603	1.51	2833	81.18
19-Sep	2045.21	101.06	190097.9	1.52	2853	82.25
19-Oct	2065.75	101.43	192231.8	1.35	2874	102.87
19-Nov	2128.79	101.85	193327	1.28	2901	113.87
19-Dec	2147.01	102.56	194201.6	1.28	2912	122.83
20-Jan	2203.44	103.06	195176.2	1.27	2929	102.11
20-Feb	2167.12	103.42	196654.8	1.24	2954.6	100.77
20-Mar	1786.75	103.91	198287.6	0.98	2984.3	91.4
20-Apr	1849.59	104.07	200025	0.74	3015.8	67.01
20-May	1965.17	104.09	201328.2	0.7	3046.1	68.21
20-Jun	2134.7	104.64	202582.3	0.48	3077.3	127.89
